0.368883 -1.19319 -2.31425 -1.31973 1.61492 1.14871
0.368171 -1.19524 -2.31359 -1.31685 1.61426 1.14815
0.367478 -1.19726 -2.31297 -1.31376 1.61353 1.14761
0.366804 -1.19925 -2.3124 -1.31047 1.61273 1.1471
0.366148 -1.20121 -2.31188 -1.30697 1.61187 1.14663
0.365508 -1.20313 -2.3114 -1.30327 1.61094 1.14618
0.364884 -1.20503 -2.31098 -1.29936 1.60996 1.14576
0.364271 -1.20691 -2.31057 -1.29535 1.60893 1.14536
0.363668 -1.20878 -2.31019 -1.29125 1.60787 1.14496
0.363073 -1.21063 -2.30982 -1.28705 1.60679 1.14458
0.362487 -1.21247 -2.30947 -1.28276 1.60568 1.14421
0.361911 -1.21429 -2.30914 -1.27837 1.60453 1.14384
0.361344 -1.21611 -2.30883 -1.27388 1.60336 1.14349
0.360786 -1.2179 -2.30854 -1.26929 1.60215 1.14316
0.360233 -1.2197 -2.30825 -1.26465 1.60093 1.14281
0.359679 -1.22149 -2.30796 -1.26005 1.59972 1.14247
0.359119 -1.2233 -2.30762 -1.25557 1.59855 1.1421
0.358555 -1.22512 -2.30725 -1.2512 1.59741 1.14173
0.357984 -1.22696 -2.30685 -1.24694 1.59632 1.14133
0.357407 -1.22881 -2.30641 -1.24281 1.59527 1.14091
0.356825 -1.23067 -2.30594 -1.23879 1.59424 1.14048
0.356238 -1.23254 -2.30543 -1.23489 1.59326 1.14004
0.355644 -1.23443 -2.30489 -1.2311 1.59232 1.13958
0.355041 -1.23633 -2.3043 -1.2275 1.59143 1.1391
0.354425 -1.23826 -2.30364 -1.22413 1.59062 1.1386
0.353797 -1.24021 -2.30293 -1.22098 1.58988 1.13806
0.353157 -1.24218 -2.30216 -1.21804 1.5892 1.1375
0.352506 -1.24417 -2.30134 -1.21534 1.58861 1.13692
0.351843 -1.24618 -2.30045 -1.21285 1.58807 1.13632
0.351168 -1.24822 -2.29951 -1.21059 1.5876 1.13569
0.350481 -1.25027 -2.2985 -1.20855 1.58721 1.13505
0.349784 -1.25234 -2.29744 -1.20674 1.58689 1.13438
0.349082 -1.25442 -2.29635 -1.20505 1.5866 1.13371
0.348384 -1.2565 -2.29525 -1.20337 1.5863 1.13303
0.347687 -1.25858 -2.29415 -1.20169 1.58602 1.13237
0.346994 -1.26065 -2.29305 -1.20001 1.58573 1.1317
0.346304 -1.26272 -2.29195 -1.19834 1.58544 1.13104
0.345617 -1.26479 -2.29085 -1.19667 1.58516 1.13036
0.344933 -1.26685 -2.28974 -1.19501 1.58487 1.1297
0.344251 -1.26891 -2.28864 -1.19334 1.58459 1.12905
0.343574 -1.27097 -2.28753 -1.19165 1.5843 1.12839
0.342908 -1.273 -2.28646 -1.18983 1.58397 1.12775
0.342259 -1.27502 -2.28544 -1.1878 1.58357 1.12713
0.341626 -1.277 -2.28447 -1.18554 1.5831 1.12652
0.341007 -1.27896 -2.28355 -1.18308 1.58258 1.12594
0.340405 -1.2809 -2.28268 -1.18039 1.58198 1.12537
0.339818 -1.28281 -2.28186 -1.17749 1.58132 1.12481
0.339247 -1.2847 -2.28109 -1.17437 1.5806 1.12428
0.338691 -1.28657 -2.28038 -1.17103 1.57981 1.12376
0.338151 -1.28842 -2.27971 -1.16748 1.57896 1.12325
0.337621 -1.29025 -2.27908 -1.16376 1.57806 1.12275
0.337099 -1.29206 -2.27846 -1.15994 1.57713 1.12226
0.336585 -1.29387 -2.27787 -1.15602 1.57618 1.12177
0.336081 -1.29566 -2.2773 -1.15199 1.57518 1.12128
0.335583 -1.29744 -2.27675 -1.14786 1.57417 1.12081
0.335095 -1.29921 -2.27622 -1.14362 1.57312 1.12033
0.334612 -1.30098 -2.27571 -1.13928 1.57204 1.11986
0.33414 -1.30273 -2.27523 -1.13483 1.57093 1.11939
0.333668 -1.30447 -2.27474 -1.13037 1.56983 1.11891
0.333193 -1.30623 -2.27421 -1.12602 1.56874 1.11843
0.332712 -1.30799 -2.27366 -1.12179 1.5677 1.11793
0.332226 -1.30976 -2.27307 -1.11768 1.5667 1.11744
0.331736 -1.31154 -2.27244 -1.11369 1.56573 1.11692
0.331241 -1.31332 -2.27178 -1.10982 1.56479 1.11641
0.330741 -1.31512 -2.27109 -1.10607 1.56389 1.11588
0.330237 -1.31691 -2.27037 -1.10244 1.56303 1.11535
0.329726 -1.31872 -2.2696 -1.09897 1.56221 1.11481
0.329204 -1.32053 -2.26877 -1.09572 1.56145 1.11425
0.328673 -1.32236 -2.26789 -1.09271 1.56077 1.11368
0.328129 -1.32421 -2.26695 -1.08994 1.56015 1.11311
0.327576 -1.32607 -2.26595 -1.0874 1.55959 1.11252
0.327012 -1.32793 -2.26489 -1.0851 1.55911 1.11193
0.326439 -1.32981 -2.26377 -1.08304 1.55869 1.11132
0.325854 -1.3317 -2.26259 -1.08122 1.55834 1.11071
0.325259 -1.33361 -2.26135 -1.07963 1.55806 1.11009
0.324658 -1.33551 -2.26007 -1.07822 1.55782 1.10948
0.324058 -1.33742 -2.25878 -1.07687 1.55759 1.10885
0.323458 -1.33933 -2.25748 -1.07553 1.55738 1.10823
0.322861 -1.34124 -2.25617 -1.07419 1.55716 1.10761
0.322264 -1.34314 -2.25487 -1.07287 1.55695 1.10699
0.321671 -1.34504 -2.25356 -1.07155 1.55673 1.10637
0.321081 -1.34693 -2.25226 -1.07023 1.55652 1.10576
0.320491 -1.34883 -2.25094 -1.06892 1.55631 1.10515
0.319905 -1.35072 -2.24963 -1.06762 1.55609 1.10454
0.319325 -1.35261 -2.24834 -1.06622 1.55586 1.10393
0.318758 -1.35447 -2.24709 -1.06463 1.55557 1.10332
0.318205 -1.35632 -2.2459 -1.06282 1.55521 1.10272
0.317665 -1.35816 -2.24475 -1.06078 1.5548 1.10213
0.317138 -1.35998 -2.24365 -1.05852 1.55432 1.10154
0.316624 -1.36178 -2.2426 -1.05604 1.55379 1.10094
0.316123 -1.36357 -2.2416 -1.05334 1.5532 1.10036
0.315636 -1.36534 -2.24066 -1.05041 1.55254 1.09978
0.315161 -1.36709 -2.23976 -1.04726 1.55182 1.09919
0.314698 -1.36884 -2.23891 -1.04389 1.55105 1.0986
0.314243 -1.37057 -2.23808 -1.0404 1.55025 1.098
0.313794 -1.3723 -2.23728 -1.03682 1.54942 1.09742
0.313353 -1.37402 -2.23649 -1.03312 1.54856 1.09683
0.31292 -1.37572 -2.23573 -1.0293 1.54767 1.09623
0.312492 -1.37742 -2.23498 -1.02538 1.54675 1.09564
0.312072 -1.37912 -2.23426 -1.02135 1.54581 1.09503
0.311659 -1.3808 -2.23356 -1.0172 1.54483 1.09443
0.311249 -1.38248 -2.23287 -1.013 1.54385 1.09382
0.310841 -1.38416 -2.23217 -1.00884 1.54287 1.0932
0.310427 -1.38585 -2.23143 -1.0048 1.54193 1.0926
0.310009 -1.38754 -2.23066 -1.00088 1.54101 1.09197
0.309587 -1.38922 -2.22986 -0.997079 1.54014 1.09136
0.309162 -1.39091 -2.22902 -0.993403 1.53929 1.09074
0.308731 -1.3926 -2.22816 -0.989849 1.53848 1.09011
0.308297 -1.3943 -2.22726 -0.986419 1.5377 1.08949
0.307861 -1.39599 -2.22633 -0.983107 1.53695 1.08886
0.307415 -1.39769 -2.22535 -0.98001 1.53626 1.08824
0.30696 -1.39939 -2.22431 -0.977152 1.53563 1.08762
0.306496 -1.4011 -2.22321 -0.974534 1.53507 1.087
0.306024 -1.40281 -2.22206 -0.972156 1.53456 1.08639
0.305543 -1.40452 -2.22086 -0.970018 1.53411 1.08577
0.305052 -1.40624 -2.21959 -0.968127 1.53374 1.08517
0.304553 -1.40797 -2.21827 -0.966477 1.53342 1.08457
0.304047 -1.40969 -2.21689 -0.965063 1.53315 1.08397
0.303531 -1.41142 -2.21546 -0.963891 1.53295 1.08339
0.303012 -1.41315 -2.214 -0.962841 1.53278 1.0828
0.302492 -1.41488 -2.21252 -0.961864 1.53263 1.08223
0.301971 -1.41661 -2.21103 -0.960944 1.53249 1.08165
0.30145 -1.41834 -2.20952 -0.960087 1.53237 1.08108
0.300928 -1.42006 -2.208 -0.959288 1.53226 1.08051
0.300407 -1.42179 -2.20647 -0.958547 1.53216 1.07994
0.299884 -1.42351 -2.20492 -0.957869 1.53208 1.07937
0.299361 -1.42524 -2.20336 -0.95725 1.53201 1.07882
0.298837 -1.42696 -2.20178 -0.956658 1.53196 1.07825
0.298322 -1.42868 -2.20023 -0.955986 1.53187 1.07769
0.297821 -1.43038 -2.19875 -0.95498 1.53171 1.07712
0.297334 -1.43208 -2.19735 -0.953641 1.53146 1.07654
0.296866 -1.43376 -2.19602 -0.951957 1.53113 1.07594
0.296413 -1.43543 -2.19476 -0.949939 1.53071 1.07533
0.295975 -1.43709 -2.19358 -0.947579 1.53021 1.0747
0.295551 -1.43874 -2.19247 -0.944886 1.52964 1.07405
0.295145 -1.44038 -2.19143 -0.941854 1.52897 1.07339
0.294753 -1.44201 -2.19046 -0.938492 1.52824 1.07269
0.294374 -1.44363 -2.18956 -0.934802 1.52742 1.07198
0.294013 -1.44524 -2.18873 -0.930769 1.52652 1.07125
0.293657 -1.44685 -2.18792 -0.926598 1.52558 1.0705
0.293301 -1.44845 -2.18711 -0.92244 1.52466 1.06975
0.29295 -1.45005 -2.1863 -0.918277 1.52373 1.069
0.292596 -1.45165 -2.18548 -0.914125 1.52281 1.06825
0.292245 -1.45325 -2.18465 -0.909977 1.52189 1.0675
0.291894 -1.45484 -2.18382 -0.905833 1.52098 1.06673
0.291542 -1.45643 -2.18297 -0.901749 1.52008 1.06598
0.29119 -1.45803 -2.18211 -0.897733 1.51919 1.06523
0.290836 -1.45962 -2.18122 -0.89379 1.51833 1.06447
0.290479 -1.4612 -2.18031 -0.889922 1.51748 1.06372
0.290121 -1.46279 -2.17938 -0.886128 1.51666 1.06297
0.289762 -1.46438 -2.17844 -0.882402 1.51585 1.06222
0.289401 -1.46596 -2.17747 -0.878757 1.51507 1.06147
0.289039 -1.46754 -2.17648 -0.875181 1.5143 1.06073
0.288676 -1.46911 -2.17548 -0.871689 1.51355 1.05999
0.288299 -1.47069 -2.17439 -0.86856 1.51289 1.05926
0.287912 -1.47226 -2.17322 -0.865784 1.5123 1.05857
0.287512 -1.47383 -2.17198 -0.863373 1.51181 1.05788
0.2871 -1.4754 -2.17065 -0.861322 1.51139 1.05723
0.286678 -1.47696 -2.16925 -0.85963 1.51106 1.0566
0.286242 -1.47852 -2.16777 -0.858302 1.51081 1.056
0.285797 -1.48008 -2.16621 -0.857323 1.51063 1.05542
0.28534 -1.48163 -2.16458 -0.856699 1.51055 1.05487
0.284873 -1.48319 -2.16288 -0.85642 1.51053 1.05436
0.284394 -1.48474 -2.1611 -0.856501 1.5106 1.05387
0.283912 -1.48629 -2.15929 -0.856703 1.51069 1.05339
0.283434 -1.48783 -2.15749 -0.856861 1.51077 1.05292
0.28296 -1.48938 -2.1557 -0.856973 1.51084 1.05244
0.282488 -1.49092 -2.15392 -0.857047 1.51091 1.05196
0.28202 -1.49247 -2.15215 -0.85707 1.51095 1.05147
0.281555 -1.49401 -2.15039 -0.857055 1.51099 1.05098
0.281093 -1.49555 -2.14863 -0.856994 1.51103 1.05049
0.280635 -1.49708 -2.14689 -0.85689 1.51104 1.05
0.280182 -1.49862 -2.14516 -0.856669 1.51103 1.0495
0.279745 -1.50015 -2.14353 -0.856026 1.51093 1.04895
0.279325 -1.50168 -2.14198 -0.854961 1.51073 1.04838
0.27892 -1.50322 -2.14052 -0.853478 1.51045 1.04777
0.27853 -1.50475 -2.13915 -0.851571 1.51007 1.0471
0.278156 -1.50627 -2.13785 -0.849282 1.5096 1.04641
0.277795 -1.5078 -2.13663 -0.846626 1.50906 1.04566
0.277447 -1.50932 -2.13548 -0.843611 1.50844 1.04488
0.277114 -1.51084 -2.1344 -0.840223 1.50773 1.04406
0.276793 -1.51236 -2.1334 -0.836473 1.50696 1.04319
0.276479 -1.51388 -2.13242 -0.832592 1.50616 1.04231
0.276165 -1.51539 -2.13143 -0.828706 1.50536 1.04142
0.275854 -1.51691 -2.13045 -0.824808 1.50455 1.04053
0.275542 -1.51842 -2.12946 -0.820912 1.50375 1.03963
0.275232 -1.51992 -2.12847 -0.817011 1.50295 1.03874
0.274923 -1.52143 -2.12747 -0.813106 1.50215 1.03783
0.274616 -1.52293 -2.12647 -0.809196 1.50136 1.03693
0.274309 -1.52443 -2.12547 -0.805305 1.50056 1.03603
0.274 -1.52593 -2.12444 -0.801464 1.49979 1.03512
0.273692 -1.52743 -2.12341 -0.797672 1.49903 1.03422
0.273383 -1.52892 -2.12236 -0.79393 1.49827 1.03333
0.273074 -1.5304 -2.1213 -0.790246 1.49753 1.03243
0.272763 -1.53189 -2.12022 -0.78662 1.49681 1.03155
0.272452 -1.53337 -2.11912 -0.783045 1.4961 1.03065
0.272139 -1.53484 -2.11801 -0.779535 1.49541 1.02977
0.271825 -1.53632 -2.11688 -0.776145 1.49474 1.0289
0.271498 -1.53778 -2.11565 -0.773192 1.49416 1.02808
0.271159 -1.53922 -2.11433 -0.770677 1.49367 1.02729
0.270808 -1.54065 -2.11293 -0.768608 1.49328 1.02656
0.270444 -1.54207 -2.11143 -0.766983 1.49297 1.02588
0.270072 -1.54348 -2.10986 -0.765749 1.49274 1.02526
0.269688 -1.54488 -2.10821 -0.764901 1.49259 1.02467
0.269294 -1.54627 -2.10648 -0.764433 1.49252 1.02414
0.268891 -1.54765 -2.10468 -0.764345 1.49252 1.02365
0.268477 -1.54902 -2.10281 -0.764644 1.49259 1.02322
0.268061 -1.55038 -2.10091 -0.765061 1.49269 1.0228
0.26765 -1.55175 -2.09903 -0.765346 1.49277 1.02237
0.267245 -1.55312 -2.09718 -0.76549 1.49281 1.02191
0.266843 -1.55449 -2.09535 -0.765536 1.49284 1.02144
0.266447 -1.55586 -2.09354 -0.765476 1.49284 1.02096
0.266055 -1.55723 -2.09175 -0.765311 1.49282 1.02048
0.265668 -1.5586 -2.08998 -0.765037 1.49278 1.01997
0.265287 -1.55998 -2.08824 -0.764584 1.4927 1.01944
0.264911 -1.56135 -2.08654 -0.763952 1.4926 1.01888
0.264543 -1.56273 -2.08487 -0.763126 1.49244 1.0183
0.264181 -1.56412 -2.08324 -0.762115 1.49226 1.01769
0.263826 -1.5655 -2.08165 -0.760906 1.49204 1.01705
0.263478 -1.56689 -2.0801 -0.759491 1.49178 1.01638
0.263138 -1.56828 -2.07858 -0.757865 1.49147 1.01568
0.262804 -1.56967 -2.0771 -0.756034 1.49113 1.01494
0.262476 -1.57106 -2.07566 -0.753999 1.49075 1.01418
0.262157 -1.57246 -2.07426 -0.751753 1.49033 1.01338
0.261843 -1.57386 -2.0729 -0.749302 1.48987 1.01255
0.261536 -1.57526 -2.07157 -0.74664 1.48937 1.01168
0.261235 -1.57667 -2.07028 -0.743774 1.48884 1.01077
0.260941 -1.57808 -2.06903 -0.740718 1.48827 1.00984
0.260653 -1.57948 -2.0678 -0.737497 1.48767 1.00888
0.260369 -1.5809 -2.0666 -0.734112 1.48705 1.00788
0.260091 -1.58231 -2.06543 -0.730562 1.4864 1.00685
0.259819 -1.58372 -2.06429 -0.726842 1.48571 1.0058
0.259546 -1.58514 -2.06314 -0.723125 1.48504 1.00474
0.259272 -1.58655 -2.06196 -0.719561 1.48439 1.00371
0.258993 -1.58794 -2.06075 -0.71616 1.48377 1.00269
0.258713 -1.58934 -2.05951 -0.712874 1.48318 1.00168
0.258429 -1.59072 -2.05825 -0.709719 1.48262 1.0007
0.258144 -1.5921 -2.05695 -0.706687 1.48208 0.999727
0.257856 -1.59347 -2.05564 -0.703781 1.48156 0.998776
0.257565 -1.59483 -2.05428 -0.701078 1.48108 0.997858
0.257269 -1.59618 -2.05288 -0.698575 1.48064 0.996963
0.256968 -1.59752 -2.05144 -0.696283 1.48024 0.996098
0.256665 -1.59885 -2.04997 -0.694193 1.47988 0.995275
0.256356 -1.60017 -2.04845 -0.692311 1.47956 0.994473
0.256044 -1.60148 -2.04689 -0.690647 1.47926 0.993719
0.255728 -1.60277 -2.0453 -0.689197 1.47901 0.992994
0.255407 -1.60406 -2.04366 -0.687968 1.4788 0.992306
0.255081 -1.60534 -2.04198 -0.68696 1.47863 0.991645
0.254752 -1.6066 -2.04025 -0.686169 1.4785 0.991032
0.254419 -1.60786 -2.03849 -0.685598 1.4784 0.990456
0.254081 -1.6091 -2.03669 -0.685248 1.47834 0.989916
0.253739 -1.61033 -2.03484 -0.68512 1.47833 0.989413
0.253395 -1.61156 -2.03297 -0.685159 1.47833 0.988942
0.253051 -1.61278 -2.03109 -0.685195 1.47834 0.988472
0.252709 -1.61401 -2.02922 -0.685217 1.47835 0.987996
0.252368 -1.61523 -2.02734 -0.68523 1.47835 0.987522
0.252028 -1.61646 -2.02547 -0.68523 1.47834 0.98704
0.251693 -1.61769 -2.02363 -0.685072 1.47832 0.986529
0.251364 -1.61893 -2.02182 -0.684706 1.47826 0.985984
0.25104 -1.62017 -2.02004 -0.684139 1.47816 0.985395
0.250723 -1.62142 -2.01831 -0.683365 1.47803 0.984772
0.250411 -1.62268 -2.0166 -0.682392 1.47787 0.984104
0.250105 -1.62394 -2.01494 -0.681211 1.47767 0.983404
0.249804 -1.62521 -2.01331 -0.679831 1.47744 0.982651
0.249508 -1.62648 -2.01171 -0.678244 1.47717 0.981864
0.249216 -1.62763 -2.01004 -0.677369 1.47701 0.981226
0.248943 -1.62868 -2.00844 -0.676539 1.47685 0.980607
0.248693 -1.62962 -2.00692 -0.67574 1.47668 0.98001
0.248463 -1.63046 -2.00546 -0.674979 1.4765 0.979432
0.248253 -1.63119 -2.00408 -0.674254 1.47631 0.978865
0.248063 -1.63181 -2.00276 -0.673565 1.47612 0.978317
0.247894 -1.63233 -2.00152 -0.672915 1.47592 0.977799
0.247746 -1.63275 -2.00034 -0.672292 1.4757 0.977291
0.247617 -1.63306 -1.99924 -0.671713 1.47549 0.976802
0.247507 -1.63327 -1.9982 -0.671169 1.47527 0.976332
0.247419 -1.63337 -1.99724 -0.670655 1.47504 0.975882
0.24735 -1.63337 -1.99635 -0.670182 1.47481 0.975441
0.247302 -1.63326 -1.99553 -0.669758 1.47456 0.975037
0.247268 -1.63304 -1.99474 -0.669561 1.47434 0.974678
0.247252 -1.63271 -1.99399 -0.669576 1.47414 0.974366
0.247251 -1.63227 -1.99328 -0.669821 1.47397 0.974119
0.247265 -1.63171 -1.9926 -0.670285 1.47382 0.973917
0.247296 -1.63105 -1.99196 -0.670983 1.47369 0.973779
0.247342 -1.63027 -1.99136 -0.671915 1.47358 0.973693
0.247404 -1.62938 -1.99078 -0.673087 1.4735 0.973669
0.24748 -1.62838 -1.99024 -0.674508 1.47345 0.973697
0.247573 -1.62728 -1.98973 -0.676169 1.47342 0.973797
0.247681 -1.62606 -1.98926 -0.678067 1.47341 0.97395
0.247804 -1.62473 -1.98881 -0.680217 1.47343 0.974164
0.247944 -1.62329 -1.9884 -0.682598 1.47347 0.974441
0.248101 -1.62187 -1.98812 -0.68431 1.47341 0.974585
0.248258 -1.62046 -1.98784 -0.686023 1.47334 0.974729
0.248416 -1.61904 -1.98755 -0.687737 1.47328 0.974873
0.248573 -1.61763 -1.98726 -0.689453 1.47321 0.975018
0.248731 -1.61622 -1.98697 -0.691169 1.47315 0.975163
0.248889 -1.61481 -1.98668 -0.692887 1.47309 0.975308
0.249047 -1.6134 -1.98638 -0.694606 1.47302 0.975453
0.249205 -1.612 -1.98608 -0.696325 1.47296 0.975598
0.249363 -1.6106 -1.98577 -0.698047 1.47289 0.975744
0.249522 -1.6092 -1.98547 -0.699768 1.47283 0.97589
0.249681 -1.6078 -1.98516 -0.70149 1.47276 0.976036
0.24984 -1.6064 -1.98484 -0.703214 1.4727 0.976182
0.25 -1.60501 -1.98453 -0.70494 1.47264 0.976328
0.250159 -1.60361 -1.98421 -0.706665 1.47257 0.976475
0.250319 -1.60222 -1.98389 -0.708392 1.47251 0.976622
0.250479 -1.60084 -1.98356 -0.710119 1.47244 0.976768
0.250639 -1.59945 -1.98323 -0.711849 1.47238 0.976915
0.250799 -1.59807 -1.9829 -0.713579 1.47231 0.977063
0.25096 -1.59669 -1.98257 -0.715309 1.47225 0.97721
0.251121 -1.59531 -1.98223 -0.71704 1.47218 0.977358
0.251282 -1.59393 -1.98189 -0.718775 1.47212 0.977506
0.251443 -1.59256 -1.98154 -0.720508 1.47205 0.977654
0.251604 -1.59118 -1.9812 -0.722242 1.47198 0.977802
0.251766 -1.58981 -1.98085 -0.723977 1.47192 0.97795
0.251928 -1.58844 -1.98049 -0.725715 1.47185 0.978099
0.25209 -1.58708 -1.98013 -0.727452 1.47179 0.978248
0.252252 -1.58571 -1.97978 -0.72919 1.47172 0.978397
0.252414 -1.58435 -1.97941 -0.730929 1.47166 0.978546
0.252577 -1.58299 -1.97905 -0.732671 1.47159 0.978695
0.25274 -1.58163 -1.97868 -0.734411 1.47152 0.978845
0.252903 -1.58028 -1.97831 -0.736153 1.47146 0.978995
